
Lista de Abertos: 
[9, 7, 3, 1], 
Lista de Fechados: 
[1, 3, 7, 9], [8, 3, 7, 9], [1, 4, 7, 9], [1, 3, 6, 9], [1, 3, 7, 2], [8, 4, 7, 9], [8, 3, 6, 9], [8, 3, 7, 2], [1, 4, 6, 9], [1, 4, 7, 2], [1, 3, 6, 2], [3, 4, 7, 9], [8, 4, 6, 9], [8, 4, 7, 2], [8, 3, 1, 9], [8, 3, 6, 2], [1, 4, 6, 2], [1, 9, 7, 2], [1, 3, 6, 7], [3, 4, 6, 9], [3, 4, 7, 2], [8, 4, 1, 9], [8, 4, 6, 2], [8, 9, 7, 2], [8, 3, 1, 2], [8, 3, 6, 7], [1, 9, 6, 2], [1, 4, 6, 7], [3, 4, 1, 9], [3, 4, 6, 2], [3, 9, 7, 2], [8, 4, 1, 2], [8, 9, 6, 2], [8, 4, 6, 7], [8, 3, 1, 7], [1, 9, 6, 7], [3, 4, 8, 9], [3, 4, 1, 2], [3, 9, 6, 2], [3, 4, 6, 7], [4, 9, 7, 2], [8, 9, 1, 2], [8, 4, 1, 7], [8, 9, 6, 7], [8, 3, 1, 6], [1, 2, 6, 7], [3, 4, 8, 2], [3, 9, 1, 2], [3, 4, 1, 7], [4, 9, 6, 2], [3, 9, 6, 7], [8, 9, 1, 7], [8, 4, 1, 6], [8, 2, 6, 7], [3, 9, 8, 2], [3, 4, 8, 7], [4, 9, 1, 2], [3, 9, 1, 7], [3, 4, 1, 6], [4, 9, 6, 7], [3, 2, 6, 7], [8, 2, 1, 7], [8, 9, 1, 6], [4, 9, 8, 2], [3, 9, 8, 7], [3, 4, 8, 6], [4, 9, 1, 7], [3, 2, 1, 7], [3, 9, 1, 6], [4, 2, 6, 7], [8, 2, 1, 6], [4, 9, 3, 2], [4, 9, 8, 7], [3, 2, 8, 7], [3, 9, 8, 6], [3, 4, 8, 1], [4, 2, 1, 7], [4, 9, 1, 6], [3, 2, 1, 6], [9, 2, 6, 7], [8, 7, 1, 6], [4, 9, 3, 7], [4, 2, 8, 7], [4, 9, 8, 6], [3, 2, 8, 6], [3, 9, 8, 1], [9, 2, 1, 7], [4, 2, 1, 6], [3, 7, 1, 6], [4, 2, 3, 7], [4, 9, 3, 6], [9, 2, 8, 7], [4, 2, 8, 6], [4, 9, 8, 1], [3, 7, 8, 6], [3, 2, 8, 1], [9, 2, 1, 6], [4, 7, 1, 6], [9, 2, 3, 7], [4, 2, 3, 6], [4, 9, 3, 1], [9, 2, 8, 6], [4, 7, 8, 6], [4, 2, 8, 1], [3, 7, 8, 1], [9, 7, 1, 6], [9, 2, 3, 6], [4, 7, 3, 6], [4, 2, 3, 1], [9, 7, 8, 6], [9, 2, 8, 1], [4, 7, 8, 1], [9, 7, 3, 6], [9, 2, 3, 1], [4, 7, 3, 1], [9, 7, 8, 1], 

Solução de nível: 16
Regras|Caminho: 
EI => [1, 3, 7, 9]
R1 => [8, 3, 7, 9]
R2 => [8, 4, 7, 9]
R1 => [3, 4, 7, 9]
R3 => [3, 4, 6, 9]
R3 => [3, 4, 1, 9]
R3 => [3, 4, 8, 9]
R4 => [3, 4, 8, 2]
R2 => [3, 9, 8, 2]
R1 => [4, 9, 8, 2]
R3 => [4, 9, 3, 2]
R4 => [4, 9, 3, 7]
R2 => [4, 2, 3, 7]
R1 => [9, 2, 3, 7]
R4 => [9, 2, 3, 6]
R2 => [9, 7, 3, 6]
R4 => [9, 7, 3, 1]
Tempo de execução: 0.08851242065429688